/*
 * =====================================================================================
 *
 *       Filename:  gaussian.cpp
 *
 *    Description:  Provides gaussian weights for blocksize 16 x 16
 *
 *
 *         Author:  Nilton Vasques
 *        Company:  iVision UFBA
 *
 * =====================================================================================
 */

const float GAUSSIAN_WEIGHTS[] = 
{
0.0183156, 0.0292683, 0.0439369, 0.061961,  0.082085,  0.102156,  0.119433,  0.131171,  0.135335,  0.131171,  0.119433,  0.102156,  0.082085,  0.061961,  0.0439369, 0.0292683,
0.0292683, 0.0467706, 0.070211,  0.0990134, 0.131171,  0.163246,  0.190853,  0.209611,  0.216265,  0.209611,  0.190853,  0.163246,  0.131171,  0.0990134, 0.070211,  0.0467706,
0.0439369, 0.070211,  0.105399,  0.148637,  0.196912,  0.245061,  0.286505,  0.314664,  0.324652,  0.314664,  0.286505,  0.245061,  0.196912,  0.148637,  0.105399,  0.070211,
0.061961, 0.0990134,  0.148637,  0.209611,  0.27769,   0.345591,  0.404037,  0.443747,  0.457833,  0.443747,  0.404037,  0.345591,  0.27769,   0.209611,  0.148637,  0.0990134,
0.082085,  0.131171,  0.196912,  0.27769,   0.367879,  0.457833,  0.535261,  0.58787,   0.606531,  0.58787,   0.535261,  0.457833,  0.367879,  0.27769,   0.196912,  0.131171,
0.102156,  0.163246,  0.245061,  0.345591,  0.457833,  0.569783,  0.666144,  0.731616,   0.75484,  0.731616,  0.666144,  0.569783,  0.457833,  0.345591,  0.245061,  0.163246,
0.119433,  0.190853,  0.286505,  0.404037,  0.535261,  0.666144,  0.778801,  0.855345,  0.882497,  0.855345,  0.778801,  0.666144,  0.535261,  0.404037,  0.286505,  0.190853,
0.131171,  0.209611,  0.314664,  0.443747,   0.58787,  0.731616,  0.855345,  0.939413,  0.969233,  0.939413,  0.855345,  0.731616,   0.58787,  0.443747,  0.314664,  0.209611,
0.135335,  0.216265,  0.324652,  0.457833,  0.606531,   0.75484,  0.882497,  0.969233,         1,  0.969233,  0.882497,   0.75484,  0.606531,  0.457833,  0.324652,  0.216265,
0.131171,  0.209611,  0.314664,  0.443747,   0.58787,  0.731616,  0.855345,  0.939413,  0.969233,  0.939413,  0.855345,  0.731616,   0.58787,  0.443747,  0.314664,  0.209611,
0.119433,  0.190853,  0.286505,  0.404037,  0.535261,  0.666144,  0.778801,  0.855345,  0.882497,  0.855345,  0.778801,  0.666144,  0.535261,  0.404037,  0.286505,  0.190853,
0.102156,  0.163246,  0.245061,  0.345591,  0.457833,  0.569783,  0.666144,  0.731616,   0.75484,  0.731616,  0.666144,  0.569783,  0.457833,  0.345591,  0.245061,  0.163246,
0.082085,  0.131171,  0.196912,   0.27769,  0.367879,  0.457833,  0.535261,   0.58787,  0.606531,   0.58787,  0.535261,  0.457833,  0.367879,   0.27769,  0.196912,  0.131171,
0.061961, 0.0990134,  0.148637,  0.209611,   0.27769,  0.345591,  0.404037,   0.443747,  0.457833,  0.443747,  0.404037,  0.345591,   0.27769,  0.209611, 0.148637, 0.0990134,
0.0439369,  0.070211,  0.105399,  0.148637,  0.196912,  0.245061,  0.286505,   0.314664,  0.324652,  0.314664,  0.286505,  0.245061,  0.196912,  0.148637, 0.105399,  0.070211,
0.0292683, 0.0467706,  0.070211, 0.0990134,  0.131171,  0.163246,  0.190853,   0.209611,  0.216265,  0.209611,  0.190853,  0.163246,  0.131171, 0.0990134, 0.070211, 0.0467706 
};